2.39097 0.902995 5.84674 3.57651 3.57651 2.81949 3.57651 3.12353 2.70436 1.88149
2.28668 0.858358 5.78198 3.51253 3.57651 2.70184 3.57651 2.99692 2.58974 1.79566
2.18601 0.815779 5.71737 3.37554 3.57651 2.58784 3.57651 2.87395 2.47881 1.71315
2.0889 0.775177 5.65291 3.24207 3.46452 2.4775 3.57651 2.75463 2.37155 1.63387
1.99531 0.736474 5.58862 3.11217 3.32874 2.37079 3.57651 2.63898 2.26792 1.55776
1.90518 0.699593 5.52451 2.98588 3.19651 2.26768 3.50785 2.52699 2.16791 1.48473
1.81845 0.664458 5.4606 2.86323 3.06786 2.16815 3.37098 2.41864 2.07145 1.4147
1.73505 0.630998 5.39689 2.74424 2.94283 2.07214 3.23762 2.3139 1.9785 1.34759
1.65491 0.599141 5.3334 2.62891 2.82145 1.97961 3.10785 2.21276 1.889 1.2833
1.57796 0.568818 5.22858 2.51724 2.70374 1.89049 2.98168 2.11516 1.80289 1.22177
1.5041 0.539963 4.99823 2.40921 2.58968 1.80473 2.85915 2.02106 1.7201 1.16289
1.43327 0.512511 4.77179 2.3048 2.47928 1.72225 2.74029 1.9304 1.64055 1.10658
1.36538 0.4864 4.54978 2.20397 2.37251 1.64299 2.62508 1.84313 1.56416 1.05275
2.95046 1.15334 5.83186 3.57651 3.57651 2.81106 3.57651 3.11446 3.31717 2.33832
2.82886 1.09745 5.76713 3.50273 3.57651 2.69366 3.57651 2.98811 3.18461 2.23633
2.71091 1.04403 5.70255 3.36599 3.57651 2.57992 3.57651 2.8654 3.05568 2.1379
2.59663 0.992997 5.63813 3.23277 3.45481 2.46984 3.57651 2.74634 2.93041 2.04298
2.486 0.944258 5.57388 3.10312 3.31928 2.36338 3.57651 2.63095 2.80882 1.95151
2.37874 0.897733 5.50981 2.97709 3.1873 2.26053 3.49806 2.51921 2.69093 1.86345
2.27487 0.853338 5.44594 2.8547 3.0589 2.16125 3.36144 2.41112 2.57674 1.77871
2.17461 0.810992 5.38228 2.73597 2.93414 2.06549 3.22834 2.30664 2.46624 1.69725
2.07791 0.770613 5.31885 2.6209 2.81302 1.9732 3.09881 2.20575 2.3594 1.61897
1.98473 0.732124 5.20218 2.50949 2.69556 1.88432 2.9729 2.1084 2.25619 1.54382
1.895 0.695448 4.97225 2.40171 2.58176 1.79879 2.85063 2.01454 2.15659 1.4717
1.80865 0.660511 4.74629 2.29756 2.47161 1.71655 2.73203 1.92413 2.06054 1.40254
1.72563 0.627239 4.52482 2.19698 2.3651 1.63751 2.61708 1.83709 1.96799 1.33625
2.94175 1.21334 5.81698 3.57651 3.57651 2.80264 3.57651 3.10542 3.38995 2.331
2.8204 1.1551 5.75228 3.49296 3.57651 2.6855 3.57651 2.97932 3.2561 2.22926
2.70272 1.0994 5.68774 3.35646 3.57651 2.57202 3.57651 2.85686 3.12582 2.13108
2.5887 1.04614 5.62335 3.22349 3.44512 2.4622 3.57651 2.73807 2.99914 2.0364
2.47832 0.995255 5.55915 3.0941 3.30984 2.356 3.57651 2.62293 2.87611 1.94518
2.37159 0.946644 5.49513 2.96832 3.17811 2.2534 3.48829 2.51145 2.75673 1.85735
2.26846 0.90023 5.4313 2.84619 3.04997 2.15437 3.35192 2.40362 2.64101 1.77285
2.16889 0.85593 5.36769 2.72772 2.92546 2.05885 3.21907 2.29939 2.52895 1.69161
2.07286 0.813663 5.30431 2.61291 2.8046 1.9668 3.0898 2.19875 2.42053 1.61356
1.9803 0.77335 5.17583 2.50175 2.6874 1.87817 2.96414 2.10165 2.31574 1.53862
1.89115 0.734915 4.94632 2.39424 2.57386 1.79287 2.84213 2.00804 2.21453 1.46672
1.80537 0.69828 4.72085 2.29033 2.46397 1.71086 2.72378 1.91787 2.11687 1.39776
1.72287 0.663373 4.49991 2.19001 2.35771 1.63205 2.6091 1.83107 2.02271 1.33167
2.93306 1.20914 5.8021 3.57651 3.57651 2.79424 3.57651 3.09639 3.38038 2.32369
2.81197 1.15108 5.73744 3.4832 3.57651 2.67736 3.57651 2.97055 3.24678 2.22221
2.69454 1.09556 5.67293 3.34695 3.57396 2.56414 3.57651 2.84835 3.11675 2.12427
2.58078 1.04247 5.60859 3.21423 3.43544 2.45457 3.57651 2.72981 2.99033 2.02984
2.47066 0.991746 5.54442 3.08509 3.30041 2.34863 3.57651 2.61493 2.86755 1.93886
2.36418 0.943293 5.48045 2.95957 3.16893 2.24629 3.47854 2.50371 2.74843 1.85127
2.2613 0.897031 5.41667 2.8377 3.04105 2.1475 3.34241 2.39613 2.63297 1.767
2.16199 0.852877 5.35311 2.71949 2.9168 2.05224 3.20981 2.29216 2.52117 1.68599
2.0662 0.810751 5.28978 2.60493 2.79619 1.96043 3.0808 2.19177 2.41301 1.60817
1.97389 0.770574 5.14952 2.49404 2.67925 1.87203 2.9554 2.09492 2.30847 1.53344
1.88498 0.732268 4.92045 2.38678 2.56597 1.78697 2.83365 2.00156 2.20751 1.46175
1.79943 0.695758 4.69547 2.28313 2.45634 1.70518 2.71556 1.91162 2.1101 1.393
1.71716 0.66097 4.47508 2.18305 2.35034 1.6266 2.60113 1.82506 2.01618 1.32711
2.92438 1.20495 5.78724 3.57651 3.57651 2.78587 3.57651 3.08738 3.37082 2.3164
2.80355 1.14708 5.72261 3.47346 3.57651 2.66924 3.57651 2.96179 3.23747 2.21517
2.68638 1.09173 5.65814 3.33745 3.56406 2.55628 3.57651 2.83985 3.1077 2.11749
2.57288 1.03881 5.59384 3.20499 3.42579 2.44697 3.57651 2.72157 2.98153 2.0233
2.46302 0.988249 5.52971 3.0761 3.29101 2.34128 3.57651 2.60696 2.85901 1.93256
2.35679 0.939953 5.46578 2.95084 3.15978 2.23919 3.46881 2.49599 2.74015 1.84521
2.25417 0.893843 5.40206 2.82923 3.03215 2.14066 3.33293 2.38867 2.62495 1.76117
2.15511 0.849835 5.33855 2.71127 2.90815 2.04564 3.20058 2.28495 2.51341 1.68039
2.05957 0.807849 5.27527 2.59698 2.78781 1.95407 3.07182 2.18482 2.40551 1.60278
1.96749 0.767806 5.12326 2.48634 2.67113 1.86591 2.94668 2.08821 2.30122 1.52828
1.87883 0.72963 4.89463 2.37933 2.55811 1.78108 2.82519 1.99509 2.20051 1.45679
1.79351 0.693244 4.67015 2.27594 2.44873 1.69953 2.70735 1.9054 2.10335 1.38825
1.71147 0.658575 4.45031 2.17611 2.34299 1.62116 2.59318 1.81907 2.00968 1.32256
2.91572 1.20078 5.77238 3.57651 3.57651 2.7775 3.57651 3.07838 3.36128 2.30913
2.79515 1.14308 5.70779 3.46373 3.57651 2.66114 3.57651 2.95306 3.22818 2.20815
2.67824 1.08791 5.64335 3.32798 3.55417 2.54844 3.57651 2.83137 3.09866 2.11072
2.56499 1.03516 5.57909 3.19576 3.41615 2.43938 3.57651 2.71335 2.97276 2.01678
2.45539 0.984763 5.51501 3.06713 3.28162 2.33395 3.57651 2.59899 2.85049 1.92628
2.34942 0.936624 5.45113 2.94213 3.15064 2.23211 3.45909 2.48829 2.73189 1.83916
2.24705 0.890665 5.38745 2.82077 3.02327 2.13383 3.32346 2.38122 2.61695 1.75536
2.14824 0.846803 5.32399 2.70307 2.89953 2.03905 3.19136 2.27776 2.50566 1.6748
2.05295 0.804957 5.26076 2.58904 2.77945 1.94773 3.06286 2.17787 2.39802 1.59742
1.96112 0.765048 5.09705 2.47866 2.66302 1.85981 2.93797 2.08152 2.29399 1.52313
1.87269 0.727001 4.86886 2.37191 2.55026 1.77521 2.81674 1.98864 2.19353 1.45185
1.78761 0.690738 4.64488 2.26877 2.44114 1.69388 2.69917 1.89919 2.09662 1.38351
1.70579 0.656188 4.4256 2.1692 2.33565 1.61574 2.58526 1.81309 2.00319 1.31802
2.90708 1.19662 5.75753 3.57651 3.57651 2.76916 3.57651 3.06941 3.35176 2.30188
2.78677 1.1391 5.69297 3.45402 3.57651 2.65306 3.57651 2.94434 3.21891 2.20115
2.67012 1.0841 5.62858 3.31852 3.54431 2.54061 3.57651 2.82292 3.08965 2.10397
2.55713 1.03152 5.56436 3.18655 3.40652 2.43181 3.57651 2.70515 2.964 2.01027
2.44779 0.981288 5.50032 3.05818 3.27224 2.32664 3.57651 2.59105 2.84199 1.92001
2.34207 0.933306 5.43648 2.93343 3.14152 2.22505 3.44939 2.48061 2.72365 1.83313
2.23996 0.887498 5.37285 2.81233 3.01441 2.12702 3.31401 2.37379 2.60897 1.74956
2.1414 0.84378 5.30945 2.6949 2.89093 2.03249 3.18216 2.27059 2.49794 1.66923
2.04635 0.802074 5.24628 2.58112 2.7711 1.94141 3.05391 2.17095 2.39055 1.59207
1.95476 0.7623 5.07088 2.471 2.65493 1.85372 2.92929 2.07484 2.28677 1.51799
1.86657 0.724381 4.84315 2.3645 2.54243 1.76936 2.80831 1.98221 2.18657 1.44693
1.78172 0.688242 4.61968 2.26161 2.43357 1.68826 2.691 1.89299 2.0899 1.37879
1.70014 0.65381 4.40096 2.16229 2.32833 1.61034 2.57734 1.80713 1.99672 1.3135
2.89846 1.19247 5.74269 3.57651 3.57651 2.76084 3.57651 3.06045 3.34226 2.29464
2.77841 1.13514 5.67817 3.44433 3.57651 2.64499 3.57651 2.93564 3.20966 2.19417
2.66201 1.08031 5.61381 3.30908 3.53446 2.5328 3.57651 2.81447 3.08065 2.09723
2.54928 1.0279 5.54963 3.17736 3.39692 2.42426 3.57651 2.69697 2.95526 2.00378
2.4402 0.977824 5.48564 3.04925 3.26289 2.31934 3.57651 2.58313 2.83351 1.91376
2.33474 0.929999 5.42185 2.92476 3.13242 2.21801 3.43971 2.47294 2.71542 1.82712
2.23287 0.884341 5.35827 2.80392 3.00556 2.12022 3.30457 2.36638 2.601 1.74378
2.13456 0.840768 5.29492 2.68674 2.88234 2.02594 3.17298 2.26343 2.49023 1.66368
2.03976 0.799201 5.2318 2.57322 2.76277 1.9351 3.04499 2.16404 2.3831 1.58673
1.94842 0.75956 5.04477 2.46335 2.64686 1.84765 2.92062 2.06818 2.27957 1.51288
1.86047 0.721769 4.81749 2.35712 2.53462 1.76352 2.7999 1.97579 2.17962 1.44202
1.77585 0.685753 4.59454 2.25448 2.42601 1.68265 2.68285 1.88682 2.0832 1.37409
1.69449 0.651439 4.37639 2.15541 2.32103 1.60495 2.56945 1.80119 1.99026 1.30899
2.88986 1.18833 5.72786 3.57316 3.57651 2.75253 3.57651 3.05151 3.33277 2.28743
2.77006 1.13118 5.66337 3.43466 3.57651 2.63694 3.57651 2.92696 3.20043 2.1872
2.65393 1.07653 5.59905 3.29965 3.52463 2.52502 3.57651 2.80605 3.07167 2.09051
2.54146 1.02429 5.53492 3.16819 3.38733 2.41673 3.57651 2.68881 2.94653 1.99731
2.43263 0.974372 5.47097 3.04033 3.25355 2.31206 3.56843 2.57522 2.82505 1.90753
2.32742 0.926703 5.40723 2.9161 3.12334 2.21098 3.43005 2.46529 2.70722 1.82112
2.22581 0.881194 5.3437 2.79552 2.99673 2.11345 3.29516 2.35899 2.59305 1.73801
2.12775 0.837766 5.2804 2.6786 2.87377 2.01941 3.16382 2.25629 2.48254 1.65814
2.03319 0.796337 5.21734 2.56534 2.75446 1.92881 3.03608 2.15715 2.37566 1.58141
1.94209 0.75683 5.0187 2.45573 2.63881 1.8416 2.91197 2.06154 2.27239 1.50777
1.85438 0.719167 4.79189 2.34974 2.52682 1.7577 2.79151 1.96939 2.17269 1.43712
1.76999 0.683274 4.56946 2.24736 2.41848 1.67706 2.67471 1.88066 2.07652 1.36939
1.68886 0.649077 4.35189 2.14854 2.31375 1.59958 2.56158 1.79527 1.98383 1.3045
2.88127 1.18421 5.71303 3.56326 3.57651 2.74424 3.57651 3.04259 3.3233 2.28023
2.76173 1.12724 5.64858 3.425 3.57651 2.62892 3.57651 2.91829 3.19121 2.18026
2.64586 1.07276 5.58431 3.29025 3.51481 2.51724 3.57651 2.79765 3.06271 2.08381
2.53365 1.02068 5.52021 3.15904 3.37776 2.40921 3.57651 2.68066 2.93783 1.99085
2.42508 0.970931 5.45631 3.03143 3.24423 2.3048 3.55854 2.56733 2.8166 1.90132
2.32013 0.923417 5.39261 2.90746 3.11427 2.20397 3.4204 2.45766 2.69903 1.81514
2.21877 0.878058 5.32914 2.78713 2.98793 2.10669 3.28576 2.35161 2.58512 1.73227
2.12095 0.834774 5.26589 2.67047 2.86522 2.01289 3.15467 2.24917 2.47487 1.65261
2.02664 0.793484 5.20289 2.55747 2.74617 1.92254 3.02719 2.15028 2.36825 1.57611
1.93578 0.754109 4.99268 2.44812 2.63078 1.83556 2.90334 2.05491 2.26523 1.50268
1.84831 0.716573 4.76635 2.34239 2.51905 1.7519 2.78314 1.96301 2.16578 1.43224
1.76415 0.680802 4.54445 2.24026 2.41096 1.67148 2.6666 1.87451 2.06986 1.36472
1.68325 0.646723 4.32745 2.14169 2.30649 1.59422 2.55372 1.78936 1.97741 1.30001
2.8727 1.1801 5.69821 3.55338 3.57651 2.73597 3.57651 3.03369 3.31385 2.27305
2.75343 1.12331 5.6338 3.41537 3.57651 2.6209 3.57651 2.90965 3.18201 2.17333
2.63781 1.069 5.56957 3.28086 3.50501 2.50949 3.57651 2.78926 3.05376 2.07713
2.52586 1.01709 5.50552 3.1499 3.36821 2.40172 3.57651 2.67253 2.92914 1.98441
2.41754 0.967501 5.44166 3.02255 3.23493 2.29756 3.54866 2.55947 2.80817 1.89512
2.31285 0.920142 5.37802 2.89883 3.10523 2.19698 3.41077 2.45005 2.69086 1.80918
2.21174 0.874933 5.31459 2.77877 2.97914 2.09994 3.27638 2.34426 2.57721 1.72653
2.11418 0.831792 5.2514 2.66237 2.85669 2.0064 3.14555 2.24206 2.46722 1.6471
2.02011 0.790639 5.18845 2.54962 2.73789 1.91628 3.01832 2.14343 2.36085 1.57082
1.92949 0.751397 4.96671 2.44053 2.62276 1.82954 2.89472 2.04831 2.25809 1.49761
1.84225 0.713989 4.74086 2.33506 2.51129 1.74611 2.77478 1.95665 2.15889 1.42738
1.75833 0.67834 4.5195 2.23318 2.40346 1.66592 2.6585 1.86839 2.06321 1.36005
1.67766 0.644377 4.30309 2.13486 2.29924 1.58888 2.54588 1.78347 1.971 1.29555
2.86416 1.176 5.68341 3.54351 3.57651 2.72772 3.57651 3.0248 3.30442 2.26588
2.74514 1.11939 5.61903 3.40575 3.57651 2.61291 3.57651 2.90102 3.17283 2.16641
2.62978 1.06525 5.55484 3.27149 3.49523 2.50176 3.57651 2.78089 3.04484 2.07047
2.51808 1.01351 5.49083 3.14079 3.35868 2.39424 3.57651 2.66442 2.92048 1.97799
2.41003 0.964082 5.42702 3.01369 3.22565 2.29034 3.5388 2.55161 2.79976 1.88894
2.30559 0.916878 5.36343 2.89023 3.0962 2.19001 3.40116 2.44245 2.68271 1.80323
2.20473 0.871817 5.30006 2.77042 2.97036 2.09322 3.26702 2.33692 2.56932 1.72081
2.10741 0.828819 5.23692 2.65428 2.84817 1.99992 3.13644 2.23498 2.45958 1.64161
2.0136 0.787805 5.17021 2.5418 2.72964 1.91004 3.00946 2.13659 2.35347 1.56555
1.92321 0.748694 4.9408 2.43296 2.61477 1.82354 2.88613 2.04172 2.25096 1.49255
1.83621 0.711413 4.71543 2.32774 2.50355 1.74034 2.76644 1.9503 2.15201 1.42253
1.75252 0.675885 4.49461 2.22612 2.39598 1.66037 2.65042 1.86228 2.05658 1.3554
1.67208 0.642039 4.27879 2.12805 2.29201 1.58356 2.53806 1.77759 1.96462 1.29109
2.85563 1.17192 5.66861 3.53366 3.57651 2.71949 3.57651 3.01594 3.295 2.25874
2.73687 1.11548 5.60427 3.39614 3.57651 2.60494 3.57651 2.89241 3.16367 2.15952
2.62177 1.06152 5.54012 3.26213 3.48547 2.49404 3.57651 2.77254 3.03593 2.06382
2.51033 1.00995 5.47616 3.13169 3.34916 2.38678 3.57651 2.65633 2.91183 1.97159
2.40253 0.960674 5.4124 3.00485 3.21638 2.28313 3.52896 2.54378 2.79137 1.88277
2.29834 0.913624 5.34885 2.88164 3.08719 2.18306 3.39156 2.43488 2.67458 1.7973
2.19774 0.868712 5.28553 2.7621 2.96161 2.08651 3.25767 2.3296 2.56145 1.71511
2.10067 0.825857 5.22245 2.64621 2.83968 1.99345 3.12735 2.22791 2.45197 1.63614
2.0071 0.784979 5.14392 2.53399 2.7214 1.90382 3.00063 2.12977 2.34611 1.56029
1.91696 0.746001 4.91493 2.4254 2.60679 1.81755 2.87755 2.03514 2.24385 1.4875
1.83019 0.708846 4.69006 2.32044 2.49583 1.73458 2.75813 1.94397 2.14516 1.41769
1.74673 0.673439 4.46979 2.21907 2.38851 1.65484 2.64236 1.85619 2.04997 1.35077
1.66652 0.639709 4.25456 2.12125 2.2848 1.57825 2.53026 1.77173 1.95825 1.28665
